F_odd(d mod 330)  shared-mu enumeration of the 22 immune rows
profile: min=2265760 max=58798784 typical=2492336  F_odd(35)=36252160
sharing-off A4 block target: 3^8 = 6561

    d   d6   d3   d5  d11        F_odd        F_off      H_imm_D10
    0    0    0    0    0     58798784         6561      676186016
    1    1    1    1    1      2492336         6561       28661864
    2    2    2    2    2      2265760         6561       26056240
    3    3    0    3    3      3674924         6561       42261626
    4    4    1    4    4      2492336         6561       28661864
    5    5    2    0    5     39877376         6561      458589824
    6    0    0    1    6      3340840         6561       38419660
    7    1    1    2    7      2265760         6561       26056240
    8    2    2    3    8      2265760         6561       26056240
    9    3    0    4    9      3674924         6561       42261626
   10    4    1    0   10     36252160         6561      416899840
   11    5    2    1    0      2492336         6561       28661864
   12    0    0    2    1      3674924         6561       42261626
   13    1    1    3    2      2265760         6561       26056240
   14    2    2    4    3      2492336         6561       28661864
   15    3    0    0    4     58798784         6561      676186016
   16    4    1    1    5      2492336         6561       28661864
   17    5    2    2    6      2265760         6561       26056240
   18    0    0    3    7      3340840         6561       38419660
   19    1    1    4    8      2265760         6561       26056240
   20    2    2    0    9     39877376         6561      458589824
   21    3    0    1   10      3340840         6561       38419660
   22    4    1    2    0      2492336         6561       28661864
   23    5    2    3    1      2492336         6561       28661864
   24    0    0    4    2      3340840         6561       38419660
   25    1    1    0    3     39877376         6561      458589824
   26    2    2    1    4      2492336         6561       28661864
   27    3    0    2    5      3674924         6561       42261626
   28    4    1    3    6      2265760         6561       26056240
   29    5    2    4    7      2265760         6561       26056240
   30    0    0    0    8     53453440         6561      614714560
   31    1    1    1    9      2492336         6561       28661864
   32    2    2    2   10      2265760         6561       26056240
   33    3    0    3    0      3674924         6561       42261626
   34    4    1    4    1      2492336         6561       28661864
   35    5    2    0    2     36252160         6561      416899840
   36    0    0    1    3      3674924         6561       42261626
   37    1    1    2    4      2492336         6561       28661864
   38    2    2    3    5      2492336         6561       28661864
   39    3    0    4    6      3340840         6561       38419660
   40    4    1    0    7     36252160         6561      416899840
   41    5    2    1    8      2265760         6561       26056240
   42    0    0    2    9      3674924         6561       42261626
   43    1    1    3   10      2265760         6561       26056240
   44    2    2    4    0      2492336         6561       28661864
   45    3    0    0    1     58798784         6561      676186016
   46    4    1    1    2      2265760         6561       26056240
   47    5    2    2    3      2492336         6561       28661864
   48    0    0    3    4      3674924         6561       42261626
   49    1    1    4    5      2492336         6561       28661864
   50    2    2    0    6     36252160         6561      416899840
   51    3    0    1    7      3340840         6561       38419660
   52    4    1    2    8      2265760         6561       26056240
   53    5    2    3    9      2492336         6561       28661864
   54    0    0    4   10      3340840         6561       38419660
   55    1    1    0    0     39877376         6561      458589824
   56    2    2    1    1      2492336         6561       28661864
   57    3    0    2    2      3340840         6561       38419660
   58    4    1    3    3      2492336         6561       28661864
   59    5    2    4    4      2492336         6561       28661864
   60    0    0    0    5     58798784         6561      676186016
   61    1    1    1    6      2265760         6561       26056240
   62    2    2    2    7      2265760         6561       26056240
   63    3    0    3    8      3340840         6561       38419660
   64    4    1    4    9      2492336         6561       28661864
   65    5    2    0   10     36252160         6561      416899840
   66    0    0    1    0      3674924         6561       42261626
   67    1    1    2    1      2492336         6561       28661864
   68    2    2    3    2      2265760         6561       26056240
   69    3    0    4    3      3674924         6561       42261626
   70    4    1    0    4     39877376         6561      458589824
   71    5    2    1    5      2492336         6561       28661864
   72    0    0    2    6      3340840         6561       38419660
   73    1    1    3    7      2265760         6561       26056240
   74    2    2    4    8      2265760         6561       26056240
   75    3    0    0    9     58798784         6561      676186016
   76    4    1    1   10      2265760         6561       26056240
   77    5    2    2    0      2492336         6561       28661864
   78    0    0    3    1      3674924         6561       42261626
   79    1    1    4    2      2265760         6561       26056240
   80    2    2    0    3     39877376         6561      458589824
   81    3    0    1    4      3674924         6561       42261626
   82    4    1    2    5      2492336         6561       28661864
   83    5    2    3    6      2265760         6561       26056240
   84    0    0    4    7      3340840         6561       38419660
   85    1    1    0    8     36252160         6561      416899840
   86    2    2    1    9      2492336         6561       28661864
   87    3    0    2   10      3340840         6561       38419660
   88    4    1    3    0      2492336         6561       28661864
   89    5    2    4    1      2492336         6561       28661864
   90    0    0    0    2     53453440         6561      614714560
   91    1    1    1    3      2492336         6561       28661864
   92    2    2    2    4      2492336         6561       28661864
   93    3    0    3    5      3674924         6561       42261626
   94    4    1    4    6      2265760         6561       26056240
   95    5    2    0    7     36252160         6561      416899840
   96    0    0    1    8      3340840         6561       38419660
   97    1    1    2    9      2492336         6561       28661864
   98    2    2    3   10      2265760         6561       26056240
   99    3    0    4    0      3674924         6561       42261626
  100    4    1    0    1     39877376         6561      458589824
  101    5    2    1    2      2265760         6561       26056240
  102    0    0    2    3      3674924         6561       42261626
  103    1    1    3    4      2492336         6561       28661864
  104    2    2    4    5      2492336         6561       28661864
  105    3    0    0    6     53453440         6561      614714560
  106    4    1    1    7      2265760         6561       26056240
  107    5    2    2    8      2265760         6561       26056240
  108    0    0    3    9      3674924         6561       42261626
  109    1    1    4   10      2265760         6561       26056240
  110    2    2    0    0     39877376         6561      458589824
  111    3    0    1    1      3674924         6561       42261626
  112    4    1    2    2      2265760         6561       26056240
  113    5    2    3    3      2492336         6561       28661864
  114    0    0    4    4      3674924         6561       42261626
  115    1    1    0    5     39877376         6561      458589824
  116    2    2    1    6      2265760         6561       26056240
  117    3    0    2    7      3340840         6561       38419660
  118    4    1    3    8      2265760         6561       26056240
  119    5    2    4    9      2492336         6561       28661864
  120    0    0    0   10     53453440         6561      614714560
  121    1    1    1    0      2492336         6561       28661864
  122    2    2    2    1      2492336         6561       28661864
  123    3    0    3    2      3340840         6561       38419660
  124    4    1    4    3      2492336         6561       28661864
  125    5    2    0    4     39877376         6561      458589824
  126    0    0    1    5      3674924         6561       42261626
  127    1    1    2    6      2265760         6561       26056240
  128    2    2    3    7      2265760         6561       26056240
  129    3    0    4    8      3340840         6561       38419660
  130    4    1    0    9     39877376         6561      458589824
  131    5    2    1   10      2265760         6561       26056240
  132    0    0    2    0      3674924         6561       42261626
  133    1    1    3    1      2492336         6561       28661864
  134    2    2    4    2      2265760         6561       26056240
  135    3    0    0    3     58798784         6561      676186016
  136    4    1    1    4      2492336         6561       28661864
  137    5    2    2    5      2492336         6561       28661864
  138    0    0    3    6      3340840         6561       38419660
  139    1    1    4    7      2265760         6561       26056240
  140    2    2    0    8     36252160         6561      416899840
  141    3    0    1    9      3674924         6561       42261626
  142    4    1    2   10      2265760         6561       26056240
  143    5    2    3    0      2492336         6561       28661864
  144    0    0    4    1      3674924         6561       42261626
  145    1    1    0    2     36252160         6561      416899840
  146    2    2    1    3      2492336         6561       28661864
  147    3    0    2    4      3674924         6561       42261626
  148    4    1    3    5      2492336         6561       28661864
  149    5    2    4    6      2265760         6561       26056240
  150    0    0    0    7     53453440         6561      614714560
  151    1    1    1    8      2265760         6561       26056240
  152    2    2    2    9      2492336         6561       28661864
  153    3    0    3   10      3340840         6561       38419660
  154    4    1    4    0      2492336         6561       28661864
  155    5    2    0    1     39877376         6561      458589824
  156    0    0    1    2      3340840         6561       38419660
  157    1    1    2    3      2492336         6561       28661864
  158    2    2    3    4      2492336         6561       28661864
  159    3    0    4    5      3674924         6561       42261626
  160    4    1    0    6     36252160         6561      416899840
  161    5    2    1    7      2265760         6561       26056240
  162    0    0    2    8      3340840         6561       38419660
  163    1    1    3    9      2492336         6561       28661864
  164    2    2    4   10      2265760         6561       26056240
  165    3    0    0    0     58798784         6561      676186016
  166    4    1    1    1      2492336         6561       28661864
  167    5    2    2    2      2265760         6561       26056240
  168    0    0    3    3      3674924         6561       42261626
  169    1    1    4    4      2492336         6561       28661864
  170    2    2    0    5     39877376         6561      458589824
  171    3    0    1    6      3340840         6561       38419660
  172    4    1    2    7      2265760         6561       26056240
  173    5    2    3    8      2265760         6561       26056240
  174    0    0    4    9      3674924         6561       42261626
  175    1    1    0   10     36252160         6561      416899840
  176    2    2    1    0      2492336         6561       28661864
  177    3    0    2    1      3674924         6561       42261626
  178    4    1    3    2      2265760         6561       26056240
  179    5    2    4    3      2492336         6561       28661864
  180    0    0    0    4     58798784         6561      676186016
  181    1    1    1    5      2492336         6561       28661864
  182    2    2    2    6      2265760         6561       26056240
  183    3    0    3    7      3340840         6561       38419660
  184    4    1    4    8      2265760         6561       26056240
  185    5    2    0    9     39877376         6561      458589824
  186    0    0    1   10      3340840         6561       38419660
  187    1    1    2    0      2492336         6561       28661864
  188    2    2    3    1      2492336         6561       28661864
  189    3    0    4    2      3340840         6561       38419660
  190    4    1    0    3     39877376         6561      458589824
  191    5    2    1    4      2492336         6561       28661864
  192    0    0    2    5      3674924         6561       42261626
  193    1    1    3    6      2265760         6561       26056240
  194    2    2    4    7      2265760         6561       26056240
  195    3    0    0    8     53453440         6561      614714560
  196    4    1    1    9      2492336         6561       28661864
  197    5    2    2   10      2265760         6561       26056240
  198    0    0    3    0      3674924         6561       42261626
  199    1    1    4    1      2492336         6561       28661864
  200    2    2    0    2     36252160         6561      416899840
  201    3    0    1    3      3674924         6561       42261626
  202    4    1    2    4      2492336         6561       28661864
  203    5    2    3    5      2492336         6561       28661864
  204    0    0    4    6      3340840         6561       38419660
  205    1    1    0    7     36252160         6561      416899840
  206    2    2    1    8      2265760         6561       26056240
  207    3    0    2    9      3674924         6561       42261626
  208    4    1    3   10      2265760         6561       26056240
  209    5    2    4    0      2492336         6561       28661864
  210    0    0    0    1     58798784         6561      676186016
  211    1    1    1    2      2265760         6561       26056240
  212    2    2    2    3      2492336         6561       28661864
  213    3    0    3    4      3674924         6561       42261626
  214    4    1    4    5      2492336         6561       28661864
  215    5    2    0    6     36252160         6561      416899840
  216    0    0    1    7      3340840         6561       38419660
  217    1    1    2    8      2265760         6561       26056240
  218    2    2    3    9      2492336         6561       28661864
  219    3    0    4   10      3340840         6561       38419660
  220    4    1    0    0     39877376         6561      458589824
  221    5    2    1    1      2492336         6561       28661864
  222    0    0    2    2      3340840         6561       38419660
  223    1    1    3    3      2492336         6561       28661864
  224    2    2    4    4      2492336         6561       28661864
  225    3    0    0    5     58798784         6561      676186016
  226    4    1    1    6      2265760         6561       26056240
  227    5    2    2    7      2265760         6561       26056240
  228    0    0    3    8      3340840         6561       38419660
  229    1    1    4    9      2492336         6561       28661864
  230    2    2    0   10     36252160         6561      416899840
  231    3    0    1    0      3674924         6561       42261626
  232    4    1    2    1      2492336         6561       28661864
  233    5    2    3    2      2265760         6561       26056240
  234    0    0    4    3      3674924         6561       42261626
  235    1    1    0    4     39877376         6561      458589824
  236    2    2    1    5      2492336         6561       28661864
  237    3    0    2    6      3340840         6561       38419660
  238    4    1    3    7      2265760         6561       26056240
  239    5    2    4    8      2265760         6561       26056240
  240    0    0    0    9     58798784         6561      676186016
  241    1    1    1   10      2265760         6561       26056240
  242    2    2    2    0      2492336         6561       28661864
  243    3    0    3    1      3674924         6561       42261626
  244    4    1    4    2      2265760         6561       26056240
  245    5    2    0    3     39877376         6561      458589824
  246    0    0    1    4      3674924         6561       42261626
  247    1    1    2    5      2492336         6561       28661864
  248    2    2    3    6      2265760         6561       26056240
  249    3    0    4    7      3340840         6561       38419660
  250    4    1    0    8     36252160         6561      416899840
  251    5    2    1    9      2492336         6561       28661864
  252    0    0    2   10      3340840         6561       38419660
  253    1    1    3    0      2492336         6561       28661864
  254    2    2    4    1      2492336         6561       28661864
  255    3    0    0    2     53453440         6561      614714560
  256    4    1    1    3      2492336         6561       28661864
  257    5    2    2    4      2492336         6561       28661864
  258    0    0    3    5      3674924         6561       42261626
  259    1    1    4    6      2265760         6561       26056240
  260    2    2    0    7     36252160         6561      416899840
  261    3    0    1    8      3340840         6561       38419660
  262    4    1    2    9      2492336         6561       28661864
  263    5    2    3   10      2265760         6561       26056240
  264    0    0    4    0      3674924         6561       42261626
  265    1    1    0    1     39877376         6561      458589824
  266    2    2    1    2      2265760         6561       26056240
  267    3    0    2    3      3674924         6561       42261626
  268    4    1    3    4      2492336         6561       28661864
  269    5    2    4    5      2492336         6561       28661864
  270    0    0    0    6     53453440         6561      614714560
  271    1    1    1    7      2265760         6561       26056240
  272    2    2    2    8      2265760         6561       26056240
  273    3    0    3    9      3674924         6561       42261626
  274    4    1    4   10      2265760         6561       26056240
  275    5    2    0    0     39877376         6561      458589824
  276    0    0    1    1      3674924         6561       42261626
  277    1    1    2    2      2265760         6561       26056240
  278    2    2    3    3      2492336         6561       28661864
  279    3    0    4    4      3674924         6561       42261626
  280    4    1    0    5     39877376         6561      458589824
  281    5    2    1    6      2265760         6561       26056240
  282    0    0    2    7      3340840         6561       38419660
  283    1    1    3    8      2265760         6561       26056240
  284    2    2    4    9      2492336         6561       28661864
  285    3    0    0   10     53453440         6561      614714560
  286    4    1    1    0      2492336         6561       28661864
  287    5    2    2    1      2492336         6561       28661864
  288    0    0    3    2      3340840         6561       38419660
  289    1    1    4    3      2492336         6561       28661864
  290    2    2    0    4     39877376         6561      458589824
  291    3    0    1    5      3674924         6561       42261626
  292    4    1    2    6      2265760         6561       26056240
  293    5    2    3    7      2265760         6561       26056240
  294    0    0    4    8      3340840         6561       38419660
  295    1    1    0    9     39877376         6561      458589824
  296    2    2    1   10      2265760         6561       26056240
  297    3    0    2    0      3674924         6561       42261626
  298    4    1    3    1      2492336         6561       28661864
  299    5    2    4    2      2265760         6561       26056240
  300    0    0    0    3     58798784         6561      676186016
  301    1    1    1    4      2492336         6561       28661864
  302    2    2    2    5      2492336         6561       28661864
  303    3    0    3    6      3340840         6561       38419660
  304    4    1    4    7      2265760         6561       26056240
  305    5    2    0    8     36252160         6561      416899840
  306    0    0    1    9      3674924         6561       42261626
  307    1    1    2   10      2265760         6561       26056240
  308    2    2    3    0      2492336         6561       28661864
  309    3    0    4    1      3674924         6561       42261626
  310    4    1    0    2     36252160         6561      416899840
  311    5    2    1    3      2492336         6561       28661864
  312    0    0    2    4      3674924         6561       42261626
  313    1    1    3    5      2492336         6561       28661864
  314    2    2    4    6      2265760         6561       26056240
  315    3    0    0    7     53453440         6561      614714560
  316    4    1    1    8      2265760         6561       26056240
  317    5    2    2    9      2492336         6561       28661864
  318    0    0    3   10      3340840         6561       38419660
  319    1    1    4    0      2492336         6561       28661864
  320    2    2    0    1     39877376         6561      458589824
  321    3    0    1    2      3340840         6561       38419660
  322    4    1    2    3      2492336         6561       28661864
  323    5    2    3    4      2492336         6561       28661864
  324    0    0    4    5      3674924         6561       42261626
  325    1    1    0    6     36252160         6561      416899840
  326    2    2    1    7      2265760         6561       26056240
  327    3    0    2    8      3340840         6561       38419660
  328    4    1    3    9      2492336         6561       28661864
  329    5    2    4   10      2265760         6561       26056240
