G(d mod 330) = K(d mod 6) * H_immune_D10(d)
replaces product K * D10 * 3^8
G(35 mod 330) = 315176279040
profile: min=19698517440 max=7484026825088 typical=43336738368  zeros=[]

    d   d6        K        F_odd      H_imm_D10                G         K*23*3^8      ratio
    0    0    11068     58798784      676186016    7484026825088       1670194404 4480.931565
    1    1     1178      2492336       28661864      33763675792        177763734 189.935681
    2    2     1512      2265760       26056240      39397034880        228165336 172.668800
    3    3     6216      3674924       42261626     262698267216        938013048 280.058223
    4    4     1344      2492336       28661864      38521545216        202813632 189.935681
    5    5      756     39877376      458589824     346693906944        114082668 3038.970889
    6    0    11068      3340840       38419660     425228796880       1670194404 254.598384
    7    1     1178      2265760       26056240      30694250720        177763734 172.668800
    8    2     1512      2265760       26056240      39397034880        228165336 172.668800
    9    3     6216      3674924       42261626     262698267216        938013048 280.058223
   10    4     1344     36252160      416899840     560313384960        202813632 2762.700808
   11    5      756      2492336       28661864      21668369184        114082668 189.935681
   12    0    11068      3674924       42261626     467751676568       1670194404 280.058223
   13    1     1178      2265760       26056240      30694250720        177763734 172.668800
   14    2     1512      2492336       28661864      43336738368        228165336 189.935681
   15    3     6216     58798784      676186016    4203172275456        938013048 4480.931565
   16    4     1344      2492336       28661864      38521545216        202813632 189.935681
   17    5      756      2265760       26056240      19698517440        114082668 172.668800
   18    0    11068      3340840       38419660     425228796880       1670194404 254.598384
   19    1     1178      2265760       26056240      30694250720        177763734 172.668800
   20    2     1512     39877376      458589824     693387813888        228165336 3038.970889
   21    3     6216      3340840       38419660     238816606560        938013048 254.598384
   22    4     1344      2492336       28661864      38521545216        202813632 189.935681
   23    5      756      2492336       28661864      21668369184        114082668 189.935681
   24    0    11068      3340840       38419660     425228796880       1670194404 254.598384
   25    1     1178     39877376      458589824     540218812672        177763734 3038.970889
   26    2     1512      2492336       28661864      43336738368        228165336 189.935681
   27    3     6216      3674924       42261626     262698267216        938013048 280.058223
   28    4     1344      2265760       26056240      35019586560        202813632 172.668800
   29    5      756      2265760       26056240      19698517440        114082668 172.668800
   30    0    11068     53453440      614714560    6803660750080       1670194404 4073.574150
   31    1     1178      2492336       28661864      33763675792        177763734 189.935681
   32    2     1512      2265760       26056240      39397034880        228165336 172.668800
   33    3     6216      3674924       42261626     262698267216        938013048 280.058223
   34    4     1344      2492336       28661864      38521545216        202813632 189.935681
   35    5      756     36252160      416899840     315176279040        114082668 2762.700808
   36    0    11068      3674924       42261626     467751676568       1670194404 280.058223
   37    1     1178      2492336       28661864      33763675792        177763734 189.935681
   38    2     1512      2492336       28661864      43336738368        228165336 189.935681
   39    3     6216      3340840       38419660     238816606560        938013048 254.598384
   40    4     1344     36252160      416899840     560313384960        202813632 2762.700808
   41    5      756      2265760       26056240      19698517440        114082668 172.668800
   42    0    11068      3674924       42261626     467751676568       1670194404 280.058223
   43    1     1178      2265760       26056240      30694250720        177763734 172.668800
   44    2     1512      2492336       28661864      43336738368        228165336 189.935681
   45    3     6216     58798784      676186016    4203172275456        938013048 4480.931565
   46    4     1344      2265760       26056240      35019586560        202813632 172.668800
   47    5      756      2492336       28661864      21668369184        114082668 189.935681
   48    0    11068      3674924       42261626     467751676568       1670194404 280.058223
   49    1     1178      2492336       28661864      33763675792        177763734 189.935681
   50    2     1512     36252160      416899840     630352558080        228165336 2762.700808
   51    3     6216      3340840       38419660     238816606560        938013048 254.598384
   52    4     1344      2265760       26056240      35019586560        202813632 172.668800
   53    5      756      2492336       28661864      21668369184        114082668 189.935681
   54    0    11068      3340840       38419660     425228796880       1670194404 254.598384
   55    1     1178     39877376      458589824     540218812672        177763734 3038.970889
   56    2     1512      2492336       28661864      43336738368        228165336 189.935681
   57    3     6216      3340840       38419660     238816606560        938013048 254.598384
   58    4     1344      2492336       28661864      38521545216        202813632 189.935681
   59    5      756      2492336       28661864      21668369184        114082668 189.935681
   60    0    11068     58798784      676186016    7484026825088       1670194404 4480.931565
   61    1     1178      2265760       26056240      30694250720        177763734 172.668800
   62    2     1512      2265760       26056240      39397034880        228165336 172.668800
   63    3     6216      3340840       38419660     238816606560        938013048 254.598384
   64    4     1344      2492336       28661864      38521545216        202813632 189.935681
   65    5      756     36252160      416899840     315176279040        114082668 2762.700808
   66    0    11068      3674924       42261626     467751676568       1670194404 280.058223
   67    1     1178      2492336       28661864      33763675792        177763734 189.935681
   68    2     1512      2265760       26056240      39397034880        228165336 172.668800
   69    3     6216      3674924       42261626     262698267216        938013048 280.058223
   70    4     1344     39877376      458589824     616344723456        202813632 3038.970889
   71    5      756      2492336       28661864      21668369184        114082668 189.935681
   72    0    11068      3340840       38419660     425228796880       1670194404 254.598384
   73    1     1178      2265760       26056240      30694250720        177763734 172.668800
   74    2     1512      2265760       26056240      39397034880        228165336 172.668800
   75    3     6216     58798784      676186016    4203172275456        938013048 4480.931565
   76    4     1344      2265760       26056240      35019586560        202813632 172.668800
   77    5      756      2492336       28661864      21668369184        114082668 189.935681
   78    0    11068      3674924       42261626     467751676568       1670194404 280.058223
   79    1     1178      2265760       26056240      30694250720        177763734 172.668800
   80    2     1512     39877376      458589824     693387813888        228165336 3038.970889
   81    3     6216      3674924       42261626     262698267216        938013048 280.058223
   82    4     1344      2492336       28661864      38521545216        202813632 189.935681
   83    5      756      2265760       26056240      19698517440        114082668 172.668800
   84    0    11068      3340840       38419660     425228796880       1670194404 254.598384
   85    1     1178     36252160      416899840     491108011520        177763734 2762.700808
   86    2     1512      2492336       28661864      43336738368        228165336 189.935681
   87    3     6216      3340840       38419660     238816606560        938013048 254.598384
   88    4     1344      2492336       28661864      38521545216        202813632 189.935681
   89    5      756      2492336       28661864      21668369184        114082668 189.935681
   90    0    11068     53453440      614714560    6803660750080       1670194404 4073.574150
   91    1     1178      2492336       28661864      33763675792        177763734 189.935681
   92    2     1512      2492336       28661864      43336738368        228165336 189.935681
   93    3     6216      3674924       42261626     262698267216        938013048 280.058223
   94    4     1344      2265760       26056240      35019586560        202813632 172.668800
   95    5      756     36252160      416899840     315176279040        114082668 2762.700808
   96    0    11068      3340840       38419660     425228796880       1670194404 254.598384
   97    1     1178      2492336       28661864      33763675792        177763734 189.935681
   98    2     1512      2265760       26056240      39397034880        228165336 172.668800
   99    3     6216      3674924       42261626     262698267216        938013048 280.058223
  100    4     1344     39877376      458589824     616344723456        202813632 3038.970889
  101    5      756      2265760       26056240      19698517440        114082668 172.668800
  102    0    11068      3674924       42261626     467751676568       1670194404 280.058223
  103    1     1178      2492336       28661864      33763675792        177763734 189.935681
  104    2     1512      2492336       28661864      43336738368        228165336 189.935681
  105    3     6216     53453440      614714560    3821065704960        938013048 4073.574150
  106    4     1344      2265760       26056240      35019586560        202813632 172.668800
  107    5      756      2265760       26056240      19698517440        114082668 172.668800
  108    0    11068      3674924       42261626     467751676568       1670194404 280.058223
  109    1     1178      2265760       26056240      30694250720        177763734 172.668800
  110    2     1512     39877376      458589824     693387813888        228165336 3038.970889
  111    3     6216      3674924       42261626     262698267216        938013048 280.058223
  112    4     1344      2265760       26056240      35019586560        202813632 172.668800
  113    5      756      2492336       28661864      21668369184        114082668 189.935681
  114    0    11068      3674924       42261626     467751676568       1670194404 280.058223
  115    1     1178     39877376      458589824     540218812672        177763734 3038.970889
  116    2     1512      2265760       26056240      39397034880        228165336 172.668800
  117    3     6216      3340840       38419660     238816606560        938013048 254.598384
  118    4     1344      2265760       26056240      35019586560        202813632 172.668800
  119    5      756      2492336       28661864      21668369184        114082668 189.935681
  120    0    11068     53453440      614714560    6803660750080       1670194404 4073.574150
  121    1     1178      2492336       28661864      33763675792        177763734 189.935681
  122    2     1512      2492336       28661864      43336738368        228165336 189.935681
  123    3     6216      3340840       38419660     238816606560        938013048 254.598384
  124    4     1344      2492336       28661864      38521545216        202813632 189.935681
  125    5      756     39877376      458589824     346693906944        114082668 3038.970889
  126    0    11068      3674924       42261626     467751676568       1670194404 280.058223
  127    1     1178      2265760       26056240      30694250720        177763734 172.668800
  128    2     1512      2265760       26056240      39397034880        228165336 172.668800
  129    3     6216      3340840       38419660     238816606560        938013048 254.598384
  130    4     1344     39877376      458589824     616344723456        202813632 3038.970889
  131    5      756      2265760       26056240      19698517440        114082668 172.668800
  132    0    11068      3674924       42261626     467751676568       1670194404 280.058223
  133    1     1178      2492336       28661864      33763675792        177763734 189.935681
  134    2     1512      2265760       26056240      39397034880        228165336 172.668800
  135    3     6216     58798784      676186016    4203172275456        938013048 4480.931565
  136    4     1344      2492336       28661864      38521545216        202813632 189.935681
  137    5      756      2492336       28661864      21668369184        114082668 189.935681
  138    0    11068      3340840       38419660     425228796880       1670194404 254.598384
  139    1     1178      2265760       26056240      30694250720        177763734 172.668800
  140    2     1512     36252160      416899840     630352558080        228165336 2762.700808
  141    3     6216      3674924       42261626     262698267216        938013048 280.058223
  142    4     1344      2265760       26056240      35019586560        202813632 172.668800
  143    5      756      2492336       28661864      21668369184        114082668 189.935681
  144    0    11068      3674924       42261626     467751676568       1670194404 280.058223
  145    1     1178     36252160      416899840     491108011520        177763734 2762.700808
  146    2     1512      2492336       28661864      43336738368        228165336 189.935681
  147    3     6216      3674924       42261626     262698267216        938013048 280.058223
  148    4     1344      2492336       28661864      38521545216        202813632 189.935681
  149    5      756      2265760       26056240      19698517440        114082668 172.668800
  150    0    11068     53453440      614714560    6803660750080       1670194404 4073.574150
  151    1     1178      2265760       26056240      30694250720        177763734 172.668800
  152    2     1512      2492336       28661864      43336738368        228165336 189.935681
  153    3     6216      3340840       38419660     238816606560        938013048 254.598384
  154    4     1344      2492336       28661864      38521545216        202813632 189.935681
  155    5      756     39877376      458589824     346693906944        114082668 3038.970889
  156    0    11068      3340840       38419660     425228796880       1670194404 254.598384
  157    1     1178      2492336       28661864      33763675792        177763734 189.935681
  158    2     1512      2492336       28661864      43336738368        228165336 189.935681
  159    3     6216      3674924       42261626     262698267216        938013048 280.058223
  160    4     1344     36252160      416899840     560313384960        202813632 2762.700808
  161    5      756      2265760       26056240      19698517440        114082668 172.668800
  162    0    11068      3340840       38419660     425228796880       1670194404 254.598384
  163    1     1178      2492336       28661864      33763675792        177763734 189.935681
  164    2     1512      2265760       26056240      39397034880        228165336 172.668800
  165    3     6216     58798784      676186016    4203172275456        938013048 4480.931565
  166    4     1344      2492336       28661864      38521545216        202813632 189.935681
  167    5      756      2265760       26056240      19698517440        114082668 172.668800
  168    0    11068      3674924       42261626     467751676568       1670194404 280.058223
  169    1     1178      2492336       28661864      33763675792        177763734 189.935681
  170    2     1512     39877376      458589824     693387813888        228165336 3038.970889
  171    3     6216      3340840       38419660     238816606560        938013048 254.598384
  172    4     1344      2265760       26056240      35019586560        202813632 172.668800
  173    5      756      2265760       26056240      19698517440        114082668 172.668800
  174    0    11068      3674924       42261626     467751676568       1670194404 280.058223
  175    1     1178     36252160      416899840     491108011520        177763734 2762.700808
  176    2     1512      2492336       28661864      43336738368        228165336 189.935681
  177    3     6216      3674924       42261626     262698267216        938013048 280.058223
  178    4     1344      2265760       26056240      35019586560        202813632 172.668800
  179    5      756      2492336       28661864      21668369184        114082668 189.935681
  180    0    11068     58798784      676186016    7484026825088       1670194404 4480.931565
  181    1     1178      2492336       28661864      33763675792        177763734 189.935681
  182    2     1512      2265760       26056240      39397034880        228165336 172.668800
  183    3     6216      3340840       38419660     238816606560        938013048 254.598384
  184    4     1344      2265760       26056240      35019586560        202813632 172.668800
  185    5      756     39877376      458589824     346693906944        114082668 3038.970889
  186    0    11068      3340840       38419660     425228796880       1670194404 254.598384
  187    1     1178      2492336       28661864      33763675792        177763734 189.935681
  188    2     1512      2492336       28661864      43336738368        228165336 189.935681
  189    3     6216      3340840       38419660     238816606560        938013048 254.598384
  190    4     1344     39877376      458589824     616344723456        202813632 3038.970889
  191    5      756      2492336       28661864      21668369184        114082668 189.935681
  192    0    11068      3674924       42261626     467751676568       1670194404 280.058223
  193    1     1178      2265760       26056240      30694250720        177763734 172.668800
  194    2     1512      2265760       26056240      39397034880        228165336 172.668800
  195    3     6216     53453440      614714560    3821065704960        938013048 4073.574150
  196    4     1344      2492336       28661864      38521545216        202813632 189.935681
  197    5      756      2265760       26056240      19698517440        114082668 172.668800
  198    0    11068      3674924       42261626     467751676568       1670194404 280.058223
  199    1     1178      2492336       28661864      33763675792        177763734 189.935681
  200    2     1512     36252160      416899840     630352558080        228165336 2762.700808
  201    3     6216      3674924       42261626     262698267216        938013048 280.058223
  202    4     1344      2492336       28661864      38521545216        202813632 189.935681
  203    5      756      2492336       28661864      21668369184        114082668 189.935681
  204    0    11068      3340840       38419660     425228796880       1670194404 254.598384
  205    1     1178     36252160      416899840     491108011520        177763734 2762.700808
  206    2     1512      2265760       26056240      39397034880        228165336 172.668800
  207    3     6216      3674924       42261626     262698267216        938013048 280.058223
  208    4     1344      2265760       26056240      35019586560        202813632 172.668800
  209    5      756      2492336       28661864      21668369184        114082668 189.935681
  210    0    11068     58798784      676186016    7484026825088       1670194404 4480.931565
  211    1     1178      2265760       26056240      30694250720        177763734 172.668800
  212    2     1512      2492336       28661864      43336738368        228165336 189.935681
  213    3     6216      3674924       42261626     262698267216        938013048 280.058223
  214    4     1344      2492336       28661864      38521545216        202813632 189.935681
  215    5      756     36252160      416899840     315176279040        114082668 2762.700808
  216    0    11068      3340840       38419660     425228796880       1670194404 254.598384
  217    1     1178      2265760       26056240      30694250720        177763734 172.668800
  218    2     1512      2492336       28661864      43336738368        228165336 189.935681
  219    3     6216      3340840       38419660     238816606560        938013048 254.598384
  220    4     1344     39877376      458589824     616344723456        202813632 3038.970889
  221    5      756      2492336       28661864      21668369184        114082668 189.935681
  222    0    11068      3340840       38419660     425228796880       1670194404 254.598384
  223    1     1178      2492336       28661864      33763675792        177763734 189.935681
  224    2     1512      2492336       28661864      43336738368        228165336 189.935681
  225    3     6216     58798784      676186016    4203172275456        938013048 4480.931565
  226    4     1344      2265760       26056240      35019586560        202813632 172.668800
  227    5      756      2265760       26056240      19698517440        114082668 172.668800
  228    0    11068      3340840       38419660     425228796880       1670194404 254.598384
  229    1     1178      2492336       28661864      33763675792        177763734 189.935681
  230    2     1512     36252160      416899840     630352558080        228165336 2762.700808
  231    3     6216      3674924       42261626     262698267216        938013048 280.058223
  232    4     1344      2492336       28661864      38521545216        202813632 189.935681
  233    5      756      2265760       26056240      19698517440        114082668 172.668800
  234    0    11068      3674924       42261626     467751676568       1670194404 280.058223
  235    1     1178     39877376      458589824     540218812672        177763734 3038.970889
  236    2     1512      2492336       28661864      43336738368        228165336 189.935681
  237    3     6216      3340840       38419660     238816606560        938013048 254.598384
  238    4     1344      2265760       26056240      35019586560        202813632 172.668800
  239    5      756      2265760       26056240      19698517440        114082668 172.668800
  240    0    11068     58798784      676186016    7484026825088       1670194404 4480.931565
  241    1     1178      2265760       26056240      30694250720        177763734 172.668800
  242    2     1512      2492336       28661864      43336738368        228165336 189.935681
  243    3     6216      3674924       42261626     262698267216        938013048 280.058223
  244    4     1344      2265760       26056240      35019586560        202813632 172.668800
  245    5      756     39877376      458589824     346693906944        114082668 3038.970889
  246    0    11068      3674924       42261626     467751676568       1670194404 280.058223
  247    1     1178      2492336       28661864      33763675792        177763734 189.935681
  248    2     1512      2265760       26056240      39397034880        228165336 172.668800
  249    3     6216      3340840       38419660     238816606560        938013048 254.598384
  250    4     1344     36252160      416899840     560313384960        202813632 2762.700808
  251    5      756      2492336       28661864      21668369184        114082668 189.935681
  252    0    11068      3340840       38419660     425228796880       1670194404 254.598384
  253    1     1178      2492336       28661864      33763675792        177763734 189.935681
  254    2     1512      2492336       28661864      43336738368        228165336 189.935681
  255    3     6216     53453440      614714560    3821065704960        938013048 4073.574150
  256    4     1344      2492336       28661864      38521545216        202813632 189.935681
  257    5      756      2492336       28661864      21668369184        114082668 189.935681
  258    0    11068      3674924       42261626     467751676568       1670194404 280.058223
  259    1     1178      2265760       26056240      30694250720        177763734 172.668800
  260    2     1512     36252160      416899840     630352558080        228165336 2762.700808
  261    3     6216      3340840       38419660     238816606560        938013048 254.598384
  262    4     1344      2492336       28661864      38521545216        202813632 189.935681
  263    5      756      2265760       26056240      19698517440        114082668 172.668800
  264    0    11068      3674924       42261626     467751676568       1670194404 280.058223
  265    1     1178     39877376      458589824     540218812672        177763734 3038.970889
  266    2     1512      2265760       26056240      39397034880        228165336 172.668800
  267    3     6216      3674924       42261626     262698267216        938013048 280.058223
  268    4     1344      2492336       28661864      38521545216        202813632 189.935681
  269    5      756      2492336       28661864      21668369184        114082668 189.935681
  270    0    11068     53453440      614714560    6803660750080       1670194404 4073.574150
  271    1     1178      2265760       26056240      30694250720        177763734 172.668800
  272    2     1512      2265760       26056240      39397034880        228165336 172.668800
  273    3     6216      3674924       42261626     262698267216        938013048 280.058223
  274    4     1344      2265760       26056240      35019586560        202813632 172.668800
  275    5      756     39877376      458589824     346693906944        114082668 3038.970889
  276    0    11068      3674924       42261626     467751676568       1670194404 280.058223
  277    1     1178      2265760       26056240      30694250720        177763734 172.668800
  278    2     1512      2492336       28661864      43336738368        228165336 189.935681
  279    3     6216      3674924       42261626     262698267216        938013048 280.058223
  280    4     1344     39877376      458589824     616344723456        202813632 3038.970889
  281    5      756      2265760       26056240      19698517440        114082668 172.668800
  282    0    11068      3340840       38419660     425228796880       1670194404 254.598384
  283    1     1178      2265760       26056240      30694250720        177763734 172.668800
  284    2     1512      2492336       28661864      43336738368        228165336 189.935681
  285    3     6216     53453440      614714560    3821065704960        938013048 4073.574150
  286    4     1344      2492336       28661864      38521545216        202813632 189.935681
  287    5      756      2492336       28661864      21668369184        114082668 189.935681
  288    0    11068      3340840       38419660     425228796880       1670194404 254.598384
  289    1     1178      2492336       28661864      33763675792        177763734 189.935681
  290    2     1512     39877376      458589824     693387813888        228165336 3038.970889
  291    3     6216      3674924       42261626     262698267216        938013048 280.058223
  292    4     1344      2265760       26056240      35019586560        202813632 172.668800
  293    5      756      2265760       26056240      19698517440        114082668 172.668800
  294    0    11068      3340840       38419660     425228796880       1670194404 254.598384
  295    1     1178     39877376      458589824     540218812672        177763734 3038.970889
  296    2     1512      2265760       26056240      39397034880        228165336 172.668800
  297    3     6216      3674924       42261626     262698267216        938013048 280.058223
  298    4     1344      2492336       28661864      38521545216        202813632 189.935681
  299    5      756      2265760       26056240      19698517440        114082668 172.668800
  300    0    11068     58798784      676186016    7484026825088       1670194404 4480.931565
  301    1     1178      2492336       28661864      33763675792        177763734 189.935681
  302    2     1512      2492336       28661864      43336738368        228165336 189.935681
  303    3     6216      3340840       38419660     238816606560        938013048 254.598384
  304    4     1344      2265760       26056240      35019586560        202813632 172.668800
  305    5      756     36252160      416899840     315176279040        114082668 2762.700808
  306    0    11068      3674924       42261626     467751676568       1670194404 280.058223
  307    1     1178      2265760       26056240      30694250720        177763734 172.668800
  308    2     1512      2492336       28661864      43336738368        228165336 189.935681
  309    3     6216      3674924       42261626     262698267216        938013048 280.058223
  310    4     1344     36252160      416899840     560313384960        202813632 2762.700808
  311    5      756      2492336       28661864      21668369184        114082668 189.935681
  312    0    11068      3674924       42261626     467751676568       1670194404 280.058223
  313    1     1178      2492336       28661864      33763675792        177763734 189.935681
  314    2     1512      2265760       26056240      39397034880        228165336 172.668800
  315    3     6216     53453440      614714560    3821065704960        938013048 4073.574150
  316    4     1344      2265760       26056240      35019586560        202813632 172.668800
  317    5      756      2492336       28661864      21668369184        114082668 189.935681
  318    0    11068      3340840       38419660     425228796880       1670194404 254.598384
  319    1     1178      2492336       28661864      33763675792        177763734 189.935681
  320    2     1512     39877376      458589824     693387813888        228165336 3038.970889
  321    3     6216      3340840       38419660     238816606560        938013048 254.598384
  322    4     1344      2492336       28661864      38521545216        202813632 189.935681
  323    5      756      2492336       28661864      21668369184        114082668 189.935681
  324    0    11068      3674924       42261626     467751676568       1670194404 280.058223
  325    1     1178     36252160      416899840     491108011520        177763734 2762.700808
  326    2     1512      2265760       26056240      39397034880        228165336 172.668800
  327    3     6216      3340840       38419660     238816606560        938013048 254.598384
  328    4     1344      2492336       28661864      38521545216        202813632 189.935681
  329    5      756      2265760       26056240      19698517440        114082668 172.668800
