0: [2, 6]
1: [1, 2, 6]
2: [2, 3, 6]
3: [2, 4, 6]
4: [2, 5, 6]
5: [2, 6, 7]
6: [2, 6, 8]
7: [2, 6, 9]
8: [2, 6, 10]
9: [1, 2, 3, 6]
10: [1, 2, 4, 6]
11: [1, 2, 5, 6]
12: [1, 2, 6, 7]
13: [1, 2, 6, 8]
14: [1, 2, 6, 9]
15: [1, 2, 6, 10]
16: [2, 3, 4, 6]
17: [2, 3, 5, 6]
18: [2, 3, 6, 7]
19: [2, 3, 6, 8]
20: [2, 3, 6, 9]
21: [2, 3, 6, 10]
22: [2, 4, 5, 6]
23: [2, 4, 6, 7]
24: [2, 4, 6, 8]
25: [2, 4, 6, 9]
26: [2, 4, 6, 10]
27: [2, 5, 6, 7]
28: [2, 5, 6, 8]
29: [2, 5, 6, 9]
30: [2, 5, 6, 10]
31: [2, 6, 7, 8]
32: [2, 6, 7, 9]
33: [2, 6, 7, 10]
34: [2, 6, 8, 9]
35: [2, 6, 8, 10]
36: [2, 6, 9, 10]
37: [1, 2, 3, 4, 6]
38: [1, 2, 3, 5, 6]
39: [1, 2, 3, 6, 7]
40: [1, 2, 3, 6, 8]
41: [1, 2, 3, 6, 9]
42: [1, 2, 3, 6, 10]
43: [1, 2, 4, 5, 6]
44: [1, 2, 4, 6, 7]
45: [1, 2, 4, 6, 8]
46: [1, 2, 4, 6, 9]
47: [1, 2, 4, 6, 10]
48: [1, 2, 5, 6, 7]
49: [1, 2, 5, 6, 8]
50: [1, 2, 5, 6, 9]
51: [1, 2, 5, 6, 10]
52: [1, 2, 6, 7, 8]
53: [1, 2, 6, 7, 9]
54: [1, 2, 6, 7, 10]
55: [1, 2, 6, 8, 9]
56: [1, 2, 6, 8, 10]
57: [1, 2, 6, 9, 10]
58: [2, 3, 4, 5, 6]
59: [2, 3, 4, 6, 7]
60: [2, 3, 4, 6, 8]
61: [2, 3, 4, 6, 9]
62: [2, 3, 4, 6, 10]
63: [2, 3, 5, 6, 7]
64: [2, 3, 5, 6, 8]
65: [2, 3, 5, 6, 9]
66: [2, 3, 5, 6, 10]
67: [2, 3, 6, 7, 8]
68: [2, 3, 6, 7, 9]
69: [2, 3, 6, 7, 10]
70: [2, 3, 6, 8, 9]
71: [2, 3, 6, 8, 10]
72: [2, 3, 6, 9, 10]
73: [2, 4, 5, 6, 7]
74: [2, 4, 5, 6, 8]
75: [2, 4, 5, 6, 9]
76: [2, 4, 5, 6, 10]
77: [2, 4, 6, 7, 8]
78: [2, 4, 6, 7, 9]
79: [2, 4, 6, 7, 10]
80: [2, 4, 6, 8, 9]
81: [2, 4, 6, 8, 10]
82: [2, 4, 6, 9, 10]
83: [2, 5, 6, 7, 8]
84: [2, 5, 6, 7, 9]
85: [2, 5, 6, 7, 10]
86: [2, 5, 6, 8, 9]
87: [2, 5, 6, 8, 10]
88: [2, 5, 6, 9, 10]
89: [2, 6, 7, 8, 9]
90: [2, 6, 7, 8, 10]
91: [2, 6, 7, 9, 10]
92: [2, 6, 8, 9, 10]
93: [1, 2, 3, 4, 5, 6]
94: [1, 2, 3, 4, 6, 7]
95: [1, 2, 3, 4, 6, 8]
96: [1, 2, 3, 4, 6, 9]
97: [1, 2, 3, 4, 6, 10]
98: [1, 2, 3, 5, 6, 7]
99: [1, 2, 3, 5, 6, 8]
100: [1, 2, 3, 5, 6, 9]
101: [1, 2, 3, 5, 6, 10]
102: [1, 2, 3, 6, 7, 8]
103: [1, 2, 3, 6, 7, 9]
104: [1, 2, 3, 6, 7, 10]
105: [1, 2, 3, 6, 8, 9]
106: [1, 2, 3, 6, 8, 10]
107: [1, 2, 3, 6, 9, 10]
108: [1, 2, 4, 5, 6, 7]
109: [1, 2, 4, 5, 6, 8]
110: [1, 2, 4, 5, 6, 9]
111: [1, 2, 4, 5, 6, 10]
112: [1, 2, 4, 6, 7, 8]
113: [1, 2, 4, 6, 7, 9]
114: [1, 2, 4, 6, 7, 10]
115: [1, 2, 4, 6, 8, 9]
116: [1, 2, 4, 6, 8, 10]
117: [1, 2, 4, 6, 9, 10]
118: [1, 2, 5, 6, 7, 8]
119: [1, 2, 5, 6, 7, 9]
120: [1, 2, 5, 6, 7, 10]
121: [1, 2, 5, 6, 8, 9]
122: [1, 2, 5, 6, 8, 10]
123: [1, 2, 5, 6, 9, 10]
124: [1, 2, 6, 7, 8, 9]
125: [1, 2, 6, 7, 8, 10]
126: [1, 2, 6, 7, 9, 10]
127: [1, 2, 6, 8, 9, 10]
128: [2, 3, 4, 5, 6, 7]
129: [2, 3, 4, 5, 6, 8]
130: [2, 3, 4, 5, 6, 9]
131: [2, 3, 4, 5, 6, 10]
132: [2, 3, 4, 6, 7, 8]
133: [2, 3, 4, 6, 7, 9]
134: [2, 3, 4, 6, 7, 10]
135: [2, 3, 4, 6, 8, 9]
136: [2, 3, 4, 6, 8, 10]
137: [2, 3, 4, 6, 9, 10]
138: [2, 3, 5, 6, 7, 8]
139: [2, 3, 5, 6, 7, 9]
140: [2, 3, 5, 6, 7, 10]
141: [2, 3, 5, 6, 8, 9]
142: [2, 3, 5, 6, 8, 10]
143: [2, 3, 5, 6, 9, 10]
144: [2, 3, 6, 7, 8, 9]
145: [2, 3, 6, 7, 8, 10]
146: [2, 3, 6, 7, 9, 10]
147: [2, 3, 6, 8, 9, 10]
148: [2, 4, 5, 6, 7, 8]
149: [2, 4, 5, 6, 7, 9]
150: [2, 4, 5, 6, 7, 10]
151: [2, 4, 5, 6, 8, 9]
152: [2, 4, 5, 6, 8, 10]
153: [2, 4, 5, 6, 9, 10]
154: [2, 4, 6, 7, 8, 9]
155: [2, 4, 6, 7, 8, 10]
156: [2, 4, 6, 7, 9, 10]
157: [2, 4, 6, 8, 9, 10]
158: [2, 5, 6, 7, 8, 9]
159: [2, 5, 6, 7, 8, 10]
160: [2, 5, 6, 7, 9, 10]
161: [2, 5, 6, 8, 9, 10]
162: [2, 6, 7, 8, 9, 10]
163: [1, 2, 3, 4, 5, 6, 7]
164: [1, 2, 3, 4, 5, 6, 8]
165: [1, 2, 3, 4, 5, 6, 9]
166: [1, 2, 3, 4, 5, 6, 10]
167: [1, 2, 3, 4, 6, 7, 8]
168: [1, 2, 3, 4, 6, 7, 9]
169: [1, 2, 3, 4, 6, 7, 10]
170: [1, 2, 3, 4, 6, 8, 9]
171: [1, 2, 3, 4, 6, 8, 10]
172: [1, 2, 3, 4, 6, 9, 10]
173: [1, 2, 3, 5, 6, 7, 8]
174: [1, 2, 3, 5, 6, 7, 9]
175: [1, 2, 3, 5, 6, 7, 10]
176: [1, 2, 3, 5, 6, 8, 9]
177: [1, 2, 3, 5, 6, 8, 10]
178: [1, 2, 3, 5, 6, 9, 10]
179: [1, 2, 3, 6, 7, 8, 9]
180: [1, 2, 3, 6, 7, 8, 10]
181: [1, 2, 3, 6, 7, 9, 10]
182: [1, 2, 3, 6, 8, 9, 10]
183: [1, 2, 4, 5, 6, 7, 8]
184: [1, 2, 4, 5, 6, 7, 9]
185: [1, 2, 4, 5, 6, 7, 10]
186: [1, 2, 4, 5, 6, 8, 9]
187: [1, 2, 4, 5, 6, 8, 10]
188: [1, 2, 4, 5, 6, 9, 10]
189: [1, 2, 4, 6, 7, 8, 9]
190: [1, 2, 4, 6, 7, 8, 10]
191: [1, 2, 4, 6, 7, 9, 10]
192: [1, 2, 4, 6, 8, 9, 10]
193: [1, 2, 5, 6, 7, 8, 9]
194: [1, 2, 5, 6, 7, 8, 10]
195: [1, 2, 5, 6, 7, 9, 10]
196: [1, 2, 5, 6, 8, 9, 10]
197: [1, 2, 6, 7, 8, 9, 10]
198: [2, 3, 4, 5, 6, 7, 8]
199: [2, 3, 4, 5, 6, 7, 9]
200: [2, 3, 4, 5, 6, 7, 10]
201: [2, 3, 4, 5, 6, 8, 9]
202: [2, 3, 4, 5, 6, 8, 10]
203: [2, 3, 4, 5, 6, 9, 10]
204: [2, 3, 4, 6, 7, 8, 9]
205: [2, 3, 4, 6, 7, 8, 10]
206: [2, 3, 4, 6, 7, 9, 10]
207: [2, 3, 4, 6, 8, 9, 10]
208: [2, 3, 5, 6, 7, 8, 9]
209: [2, 3, 5, 6, 7, 8, 10]
210: [2, 3, 5, 6, 7, 9, 10]
211: [2, 3, 5, 6, 8, 9, 10]
212: [2, 3, 6, 7, 8, 9, 10]
213: [2, 4, 5, 6, 7, 8, 9]
214: [2, 4, 5, 6, 7, 8, 10]
215: [2, 4, 5, 6, 7, 9, 10]
216: [2, 4, 5, 6, 8, 9, 10]
217: [2, 4, 6, 7, 8, 9, 10]
218: [2, 5, 6, 7, 8, 9, 10]
219: [1, 2, 3, 4, 5, 6, 7, 8]
220: [1, 2, 3, 4, 5, 6, 7, 9]
221: [1, 2, 3, 4, 5, 6, 7, 10]
222: [1, 2, 3, 4, 5, 6, 8, 9]
223: [1, 2, 3, 4, 5, 6, 8, 10]
224: [1, 2, 3, 4, 5, 6, 9, 10]
225: [1, 2, 3, 4, 6, 7, 8, 9]
226: [1, 2, 3, 4, 6, 7, 8, 10]
227: [1, 2, 3, 4, 6, 7, 9, 10]
228: [1, 2, 3, 4, 6, 8, 9, 10]
229: [1, 2, 3, 5, 6, 7, 8, 9]
230: [1, 2, 3, 5, 6, 7, 8, 10]
231: [1, 2, 3, 5, 6, 7, 9, 10]
232: [1, 2, 3, 5, 6, 8, 9, 10]
233: [1, 2, 3, 6, 7, 8, 9, 10]
234: [1, 2, 4, 5, 6, 7, 8, 9]
235: [1, 2, 4, 5, 6, 7, 8, 10]
236: [1, 2, 4, 5, 6, 7, 9, 10]
237: [1, 2, 4, 5, 6, 8, 9, 10]
238: [1, 2, 4, 6, 7, 8, 9, 10]
239: [1, 2, 5, 6, 7, 8, 9, 10]
240: [2, 3, 4, 5, 6, 7, 8, 9]
241: [2, 3, 4, 5, 6, 7, 8, 10]
242: [2, 3, 4, 5, 6, 7, 9, 10]
243: [2, 3, 4, 5, 6, 8, 9, 10]
244: [2, 3, 4, 6, 7, 8, 9, 10]
245: [2, 3, 5, 6, 7, 8, 9, 10]
246: [2, 4, 5, 6, 7, 8, 9, 10]
247: [1, 2, 3, 4, 5, 6, 7, 8, 9]
248: [1, 2, 3, 4, 5, 6, 7, 8, 10]
249: [1, 2, 3, 4, 5, 6, 7, 9, 10]
250: [1, 2, 3, 4, 5, 6, 8, 9, 10]
251: [1, 2, 3, 4, 6, 7, 8, 9, 10]
252: [1, 2, 3, 5, 6, 7, 8, 9, 10]
253: [1, 2, 4, 5, 6, 7, 8, 9, 10]
254: [2, 3, 4, 5, 6, 7, 8, 9, 10]
255: [1, 2, 3, 4, 5, 6, 7, 8, 9, 10]
